Questao3
h = 0.1
t = [0.0, 0.1, 0.2, 0.30000000000000004, 0.4, 0.5, 0.6000000000000001, 0.7000000000000001, 0.8, 0.9]

Solucao Analitica = [0.0, 0.0049958347219741794, 0.019933422158758374, 0.04466351087439402, 0.0789390059971149, 0.12241743810962724, 0.17466438509032178, 0.23515781271551162, 0.3032932906528346, 0.3783900317293356]
Euler: 
	w1 = [0.0, 0.0, 0.010000000000000002, 0.030000000000000006, 0.05990000000000001, 0.0995, 0.148501, 0.206507, 0.27302799, 0.34748391]
	w2 = [0.0, 0.1, 0.2, 0.29900000000000004, 0.396, 0.49001, 0.58006, 0.6652099, 0.7445592000000001, 0.8172564010000001]

h = 0.1
t = [0.0, 0.1, 0.2, 0.30000000000000004, 0.4, 0.5, 0.6000000000000001, 0.7000000000000001, 0.8, 0.9]

Solucao Analitica = [0.0, 0.0049958347219741794, 0.019933422158758374, 0.04466351087439402, 0.0789390059971149, 0.12241743810962724, 0.17466438509032178, 0.23515781271551162, 0.3032932906528346, 0.3783900317293356]
R.K. 4 ordem: 
	w1 = [0.0, 0.0, 0.009924655729166667, 0.0297739671875, 0.05944943558365752, 0.09875406333495426, 0.1473933316339566, 0.20497715558166985, 0.27102280718530786, 0.3449587868166206]
	w2 = [0.0, 0.0951625, 0.190325, 0.28454304494917315, 0.3768721797966927, 0.46637732288296285, 0.5521421393308503, 0.6332783214092339, 0.7089346828411932, 0.7783059749524214]

h = 0.1
t = [0.0, 0.1, 0.2, 0.30000000000000004, 0.4, 0.5, 0.6000000000000001, 0.7000000000000001, 0.8, 0.9]

Solucao Analitica = [0.0, 0.0049958347219741794, 0.019933422158758374, 0.04466351087439402, 0.0789390059971149, 0.12241743810962724, 0.17466438509032178, 0.23515781271551162, 0.3032932906528346, 0.3783900317293356]
Adams M. 3 passos: 
	w1 = [0.0, 0.0, 0.009924655729166667, 0.03367986366476066, 0.06718913099322743, 0.1100036013117359, 0.16172994582509348, 0.2218520781440325, 0.2897653548065302, 0.36479371503482894]
	w2 = [0.0, 0.0951625, 0.190325, 0.2882763032006791, 0.3832971519093305, 0.47451318841732093, 0.56099913780879, 0.6418878511487582, 0.7163693863563346, 0.7836979083074077]

